[case]
rpm = 3000.0
v_inf = 1

[rotor]
nblades = 3
diameter = 0.06
radius_hub = 0.0006
section = NACA_63215 NACA_63215 NACA_63215 NACA_63215 NACA_63215 NACA_63215 NACA_63215 NACA_63215 NACA_63215 NACA_63215 NACA_63215 NACA_63215 NACA_63215 NACA_63215 NACA_63215 NACA_63215 NACA_63215 NACA_63215 NACA_63215 NACA_63215 NACA_63215 NACA_63215 NACA_63215 NACA_63215 NACA_63215 NACA_63215 NACA_63215 NACA_63215 NACA_63215 NACA_63215
radius = 1e-16 0.0010344827586207827 0.0020689655172414657 0.0031034482758621486 0.004137931034482831 0.005172413793103513 0.006206896551724197 0.007241379310344879 0.008275862068965563 0.009310344827586246 0.010344827586206928 0.011379310344827611 0.012413793103448294 0.013448275862068976 0.01448275862068966 0.015517241379310341 0.016551724137931025 0.017586206896551708 0.01862068965517239 0.01965517241379307 0.020689655172413755 0.021724137931034438 0.02275862068965512 0.023793103448275805 0.024827586206896488 0.025862068965517168 0.02689655172413785 0.027931034482758535 0.02896551724137922 0.0299999999999999
chord = 0.005 0.005260866907443907 0.005535344123567684 0.005824141744198266 0.006128006913263066 0.00644772575571463 0.006784125411302572 0.007138076174454198 0.007510493745799979 0.007902341601168709 0.008314633484181154 0.008748436028890742 0.00920487151925626 0.009685120792585636 0.010190426294462136 0.01072209529305642 0.011281503261140122 0.011870097434550524 0.012489400556312336 0.01314101481610302 0.013826625995253299 0.014548007828006353 0.015307026590318708 0.01610564592807433 0.016945931937203 0.01783005850884562 0.018760312953394927 0.01973910191796133 0.020768957612573066 0.02185254436121817
pitch = 75.0 75.0 65.22674923105477 53.97589899298881 45.819244360532934 39.85810474454964 35.40022978077589 31.97888833196864 29.28796328890879 27.124962945461508 25.353108381826786 23.877733916112845 22.631719350826607 21.566385588294082 20.645689831115146 19.8424411192104 19.13577738079041 18.509447216885054 17.950616134141747 17.44902166489764 16.996365128069844 16.58586682934611 16.21193605725595 15.869922975576864 15.55592979078065 15.266665399378137 14.99933232716936 14.751537929223426 14.521224013278143 14.306610594230225
-pitch = -75.0 -75.0 -65.22674923105477 -53.97589899298881 -45.819244360532934 -39.85810474454964 -35.40022978077589 -31.97888833196864 -29.28796328890879 -27.124962945461508 -25.353108381826786 -23.877733916112845 -22.631719350826607 -21.566385588294082 -20.645689831115146 -19.8424411192104 -19.13577738079041 -18.509447216885054 -17.950616134141747 -17.44902166489764 -16.996365128069844 -16.58586682934611 -16.21193605725595 -15.869922975576864 -15.55592979078065 -15.266665399378137 -14.99933232716936 -14.751537929223426 -14.521224013278143 -14.306610594230225

[fluid]
rho = 1.225
mu = 1.81e-5

