
[case]
rpm = 5000.0
v_inf = 0.5

[rotor]
nblades = 6
diameter = 0.15
radius_hub = 0.001
section = NACA_4412 NACA_4412 NACA_4412 NACA_4412 NACA_4412 NACA_4412 NACA_4412
radius = 0.01 0.01333333 0.01666667 0.02 0.02333333 0.02666667 0.03
chord  = 0.00500 0.00617 0.00733 0.00850 0.00967 0.01083 0.01200
pitch = 44.60212 21.90537 16.44920 14.05661 12.71763 11.86276 11.26990


[fluid]
rho=1.225
mu=1.81e-5
