[case]
rpm = 3000.0
v_inf = 1

[rotor]
nblades = 3
diameter = 0.06
radius_hub = 0.0012
section = CLARKY CLARKY CLARKY CLARKY CLARKY CLARKY CLARKY CLARKY CLARKY CLARKY
radius = 1e-16 0.003333333333333411 0.006666666666666722 0.010000000000000033 0.013333333333333345 0.016666666666666656 0.019999999999999966 0.02333333333333328 0.02666666666666659 0.0299999999999999
chord = 0.0020000002072862134 0.008909540442253214 0.011771565803199885 0.013967675102934491 0.01581908088450642 0.01745020212216214 0.01892484844064478 0.02028092568394524 0.021543131606399764 0.02272862132675963
pitch = 74.0 45.0 32.0 26.0 23.0 20.0 19.0 17.0 16.0 16.0

[fluid]
rho = 1.225
mu = 1.81e-5

